developing_countries_extended_without_LDC_ids <- c(1, 2, 3, 4, 5, 6, 7, 8, 9, 10, 11, 12, 13, 14, 16, 17, 18, 19, 20, 21, 22, 23, 25, 26, 27, 28, 29, 30, 31, 32, 33, 34, 35, 36, 40, 41, 42, 58, 60, 62, 67, 69, 73, 76, 79, 94, 96, 118, 119, 121, 127, 128, 129, 130, 131, 132, 136, 140, 143, 144, 145, 146, 150, 151, 152, 153, 154, 158, 163, 164, 166, 168, 169, 170, 173, 174, 178, 179, 182, 198, 199, 205, 206, 209, 213, 218, 220, 222, 223, 232, 237, 243)
developed_countries_ids <- c(37, 38, 39, 45, 46, 64, 66, 84, 85, 87, 89, 90, 93, 97, 98, 99, 100, 101, 102, 103, 104, 105, 107, 108, 109, 111, 112, 113, 114, 116, 142, 171, 177, 183, 184, 234)
least_developed_countries_ids <- c(24, 43, 47, 48, 49, 50, 52, 53, 54, 55, 56, 57, 70, 74, 77, 78, 80, 81, 120, 124, 133, 135, 138, 139, 147, 148, 149, 155, 156, 157, 159, 160, 161, 162, 165, 167, 172, 176, 180, 181, 214, 235, 242, 244, 245, 246)
countries_in_transition_ids <- c(63, 65, 82, 83, 86, 92, 110, 115, 117, 122, 123, 125, 126, 134, 137, 231, 233)
